
All Measurements - Tray #: 1
Part #: 1 Pass
Ball#	Wrp		
1	62.80           
2	93.20           
3	0.00            
4	64.93           
5	109.27          
6	51.14           
7	12.02           
8	74.46           
9	56.06           

Part #: 2 Empty
Ball#	Wrp		
1	0.00            
2	0.00            
3	0.00            
4	0.00            
5	0.00            
6	0.00            
7	0.00            
8	0.00            
9	0.00            

Part #: 3 Pass
Ball#	Wrp		
1	5.02            
2	82.96           
3	21.80           
4	37.35           
5	100.50          
6	31.24           
7	28.47           
8	78.30           
9	0.00            

Part #: 4 Empty
Ball#	Wrp		
1	0.00            
2	0.00            
3	0.00            
4	0.00            
5	0.00            
6	0.00            
7	0.00            
8	0.00            
9	0.00            

Part #: 5 Pass
Ball#	Wrp		
1	37.51           
2	79.69           
3	0.00            
4	39.67           
5	89.88           
6	37.91           
7	6.15            
8	64.50           
9	37.43           

Part #: 6 Empty
Ball#	Wrp		
1	0.00            
2	0.00            
3	0.00            
4	0.00            
5	0.00            
6	0.00            
7	0.00            
8	0.00            
9	0.00            

Part #: 7 Pass
Ball#	Wrp		
1	29.24           
2	94.29           
3	0.00            
4	46.19           
5	103.34          
6	37.11           
7	16.00           
8	71.56           
9	30.78           

Part #: 8 Empty
Ball#	Wrp		
1	0.00            
2	0.00            
3	0.00            
4	0.00            
5	0.00            
6	0.00            
7	0.00            
8	0.00            
9	0.00            

Part #: 9 Pass
Ball#	Wrp		
1	0.00            
2	81.06           
3	7.86            
4	24.74           
5	92.84           
6	21.35           
7	17.38           
8	69.31           
9	0.56            

Part #: 10 Empty
Ball#	Wrp		
1	0.00            
2	0.00            
3	0.00            
4	0.00            
5	0.00            
6	0.00            
7	0.00            
8	0.00            
9	0.00            

Part #: 11 Pass
Ball#	Wrp		
1	48.38           
2	90.35           
3	0.00            
4	48.89           
5	102.99          
6	44.92           
7	8.28            
8	71.85           
9	47.68           

Part #: 12 Empty
Ball#	Wrp		
1	0.00            
2	0.00            
3	0.00            
4	0.00            
5	0.00            
6	0.00            
7	0.00            
8	0.00            
9	0.00            

Part #: 13 Pass
Ball#	Wrp		
1	52.33           
2	102.70          
3	0.00            
4	54.50           
5	116.21          
6	48.06           
7	11.50           
8	80.93           
9	51.70           

Part #: 14 Empty
Ball#	Wrp		
1	0.00            
2	0.00            
3	0.00            
4	0.00            
5	0.00            
6	0.00            
7	0.00            
8	0.00            
9	0.00            

Part #: 15 Empty
Ball#	Wrp		
1	0.00            
2	0.00            
3	0.00            
4	0.00            
5	0.00            
6	0.00            
7	0.00            
8	0.00            
9	0.00            

Part #: 16 Empty
Ball#	Wrp		
1	0.00            
2	0.00            
3	0.00            
4	0.00            
5	0.00            
6	0.00            
7	0.00            
8	0.00            
9	0.00            

