
All Measurements - Tray #: 1
Part #: 1 Pass
Ball#	Wrp		
1	64.59           
2	94.20           
3	0.00            
4	66.40           
5	108.70          
6	52.73           
7	12.00           
8	75.10           
9	58.12           

Part #: 2 Empty
Ball#	Wrp		
1	0.00            
2	0.00            
3	0.00            
4	0.00            
5	0.00            
6	0.00            
7	0.00            
8	0.00            
9	0.00            

Part #: 3 Pass
Ball#	Wrp		
1	4.72            
2	82.84           
3	18.62           
4	35.53           
5	99.12           
6	29.13           
7	25.85           
8	77.24           
9	0.00            

Part #: 4 Empty
Ball#	Wrp		
1	0.00            
2	0.00            
3	0.00            
4	0.00            
5	0.00            
6	0.00            
7	0.00            
8	0.00            
9	0.00            

Part #: 5 Pass
Ball#	Wrp		
1	38.30           
2	80.42           
3	0.00            
4	40.21           
5	90.39           
6	37.67           
7	7.72            
8	63.53           
9	39.00           

Part #: 6 Empty
Ball#	Wrp		
1	0.00            
2	0.00            
3	0.00            
4	0.00            
5	0.00            
6	0.00            
7	0.00            
8	0.00            
9	0.00            

Part #: 7 Pass
Ball#	Wrp		
1	29.25           
2	91.92           
3	0.00            
4	46.20           
5	102.15          
6	37.64           
7	14.43           
8	70.95           
9	29.79           

Part #: 8 Empty
Ball#	Wrp		
1	0.00            
2	0.00            
3	0.00            
4	0.00            
5	0.00            
6	0.00            
7	0.00            
8	0.00            
9	0.00            

Part #: 9 Pass
Ball#	Wrp		
1	0.00            
2	81.04           
3	9.47            
4	25.27           
5	91.14           
6	22.15           
7	18.64           
8	69.90           
9	0.68            

Part #: 10 Empty
Ball#	Wrp		
1	0.00            
2	0.00            
3	0.00            
4	0.00            
5	0.00            
6	0.00            
7	0.00            
8	0.00            
9	0.00            

Part #: 11 Pass
Ball#	Wrp		
1	48.92           
2	92.22           
3	0.00            
4	49.11           
5	102.90          
6	45.51           
7	9.22            
8	72.06           
9	49.62           

Part #: 12 Empty
Ball#	Wrp		
1	0.00            
2	0.00            
3	0.00            
4	0.00            
5	0.00            
6	0.00            
7	0.00            
8	0.00            
9	0.00            

Part #: 13 Pass
Ball#	Wrp		
1	53.43           
2	102.68          
3	0.00            
4	56.37           
5	114.42          
6	49.26           
7	13.04           
8	79.04           
9	53.90           

Part #: 14 Empty
Ball#	Wrp		
1	0.00            
2	0.00            
3	0.00            
4	0.00            
5	0.00            
6	0.00            
7	0.00            
8	0.00            
9	0.00            

Part #: 15 Empty
Ball#	Wrp		
1	0.00            
2	0.00            
3	0.00            
4	0.00            
5	0.00            
6	0.00            
7	0.00            
8	0.00            
9	0.00            

Part #: 16 Empty
Ball#	Wrp		
1	0.00            
2	0.00            
3	0.00            
4	0.00            
5	0.00            
6	0.00            
7	0.00            
8	0.00            
9	0.00            

