
All Measurements - Tray #: 1
Part #: 1 Pass
Ball#	Wrp		
1	64.51           
2	92.30           
3	0.00            
4	65.91           
5	107.49          
6	52.30           
7	10.05           
8	75.98           
9	56.18           

Part #: 2 Empty
Ball#	Wrp		
1	0.00            
2	0.00            
3	0.00            
4	0.00            
5	0.00            
6	0.00            
7	0.00            
8	0.00            
9	0.00            

Part #: 3 Pass
Ball#	Wrp		
1	4.86            
2	79.62           
3	19.41           
4	35.65           
5	97.85           
6	29.47           
7	26.25           
8	74.46           
9	0.00            

Part #: 4 Empty
Ball#	Wrp		
1	0.00            
2	0.00            
3	0.00            
4	0.00            
5	0.00            
6	0.00            
7	0.00            
8	0.00            
9	0.00            

Part #: 5 Pass
Ball#	Wrp		
1	36.77           
2	75.09           
3	0.00            
4	38.49           
5	87.41           
6	36.38           
7	5.40            
8	61.37           
9	35.63           

Part #: 6 Empty
Ball#	Wrp		
1	0.00            
2	0.00            
3	0.00            
4	0.00            
5	0.00            
6	0.00            
7	0.00            
8	0.00            
9	0.00            

Part #: 7 Pass
Ball#	Wrp		
1	28.42           
2	92.84           
3	0.00            
4	43.71           
5	100.57          
6	36.90           
7	14.38           
8	70.88           
9	30.78           

Part #: 8 Empty
Ball#	Wrp		
1	0.00            
2	0.00            
3	0.00            
4	0.00            
5	0.00            
6	0.00            
7	0.00            
8	0.00            
9	0.00            

Part #: 9 Pass
Ball#	Wrp		
1	0.49            
2	79.24           
3	10.44           
4	25.79           
5	91.51           
6	22.01           
7	19.16           
8	69.28           
9	0.00            

Part #: 10 Empty
Ball#	Wrp		
1	0.00            
2	0.00            
3	0.00            
4	0.00            
5	0.00            
6	0.00            
7	0.00            
8	0.00            
9	0.00            

Part #: 11 Pass
Ball#	Wrp		
1	48.38           
2	90.33           
3	0.00            
4	49.24           
5	102.13          
6	45.11           
7	8.46            
8	71.70           
9	47.78           

Part #: 12 Empty
Ball#	Wrp		
1	0.00            
2	0.00            
3	0.00            
4	0.00            
5	0.00            
6	0.00            
7	0.00            
8	0.00            
9	0.00            

Part #: 13 Pass
Ball#	Wrp		
1	52.30           
2	102.13          
3	0.00            
4	54.63           
5	115.56          
6	47.47           
7	11.64           
8	80.75           
9	51.12           

Part #: 14 Empty
Ball#	Wrp		
1	0.00            
2	0.00            
3	0.00            
4	0.00            
5	0.00            
6	0.00            
7	0.00            
8	0.00            
9	0.00            

Part #: 15 Empty
Ball#	Wrp		
1	0.00            
2	0.00            
3	0.00            
4	0.00            
5	0.00            
6	0.00            
7	0.00            
8	0.00            
9	0.00            

Part #: 16 Empty
Ball#	Wrp		
1	0.00            
2	0.00            
3	0.00            
4	0.00            
5	0.00            
6	0.00            
7	0.00            
8	0.00            
9	0.00            

