
All Measurements - Tray #: 1
Part #: 1 Pass
Ball#	Wrp		
1	65.30           
2	93.32           
3	0.00            
4	67.00           
5	108.62          
6	52.88           
7	10.91           
8	76.00           
9	57.29           

Part #: 2 Empty
Ball#	Wrp		
1	0.00            
2	0.00            
3	0.00            
4	0.00            
5	0.00            
6	0.00            
7	0.00            
8	0.00            
9	0.00            

Part #: 3 Pass
Ball#	Wrp		
1	4.12            
2	80.90           
3	19.36           
4	34.54           
5	97.75           
6	29.20           
7	26.07           
8	75.43           
9	0.00            

Part #: 4 Empty
Ball#	Wrp		
1	0.00            
2	0.00            
3	0.00            
4	0.00            
5	0.00            
6	0.00            
7	0.00            
8	0.00            
9	0.00            

Part #: 5 Pass
Ball#	Wrp		
1	37.45           
2	75.68           
3	0.00            
4	38.50           
5	88.51           
6	36.31           
7	4.98            
8	62.55           
9	35.74           

Part #: 6 Empty
Ball#	Wrp		
1	0.00            
2	0.00            
3	0.00            
4	0.00            
5	0.00            
6	0.00            
7	0.00            
8	0.00            
9	0.00            

Part #: 7 Pass
Ball#	Wrp		
1	29.30           
2	93.29           
3	0.00            
4	45.11           
5	101.50          
6	37.35           
7	15.45           
8	70.37           
9	31.74           

Part #: 8 Empty
Ball#	Wrp		
1	0.00            
2	0.00            
3	0.00            
4	0.00            
5	0.00            
6	0.00            
7	0.00            
8	0.00            
9	0.00            

Part #: 9 Pass
Ball#	Wrp		
1	0.45            
2	79.07           
3	9.57            
4	25.55           
5	91.78           
6	21.74           
7	18.41           
8	68.82           
9	0.00            

Part #: 10 Empty
Ball#	Wrp		
1	0.00            
2	0.00            
3	0.00            
4	0.00            
5	0.00            
6	0.00            
7	0.00            
8	0.00            
9	0.00            

Part #: 11 Pass
Ball#	Wrp		
1	49.04           
2	91.14           
3	0.00            
4	48.88           
5	102.58          
6	44.77           
7	8.73            
8	72.08           
9	48.73           

Part #: 12 Empty
Ball#	Wrp		
1	0.00            
2	0.00            
3	0.00            
4	0.00            
5	0.00            
6	0.00            
7	0.00            
8	0.00            
9	0.00            

Part #: 13 Pass
Ball#	Wrp		
1	52.20           
2	101.69          
3	0.00            
4	54.43           
5	114.47          
6	48.12           
7	11.88           
8	79.32           
9	52.21           

Part #: 14 Empty
Ball#	Wrp		
1	0.00            
2	0.00            
3	0.00            
4	0.00            
5	0.00            
6	0.00            
7	0.00            
8	0.00            
9	0.00            

Part #: 15 Empty
Ball#	Wrp		
1	0.00            
2	0.00            
3	0.00            
4	0.00            
5	0.00            
6	0.00            
7	0.00            
8	0.00            
9	0.00            

Part #: 16 Empty
Ball#	Wrp		
1	0.00            
2	0.00            
3	0.00            
4	0.00            
5	0.00            
6	0.00            
7	0.00            
8	0.00            
9	0.00            

      

