
All Measurements - Tray #: 1
Part #: 1 Pass
Ball#	Wrp		
1	65.11           
2	95.63           
3	0.00            
4	67.94           
5	109.76          
6	53.41           
7	12.41           
8	76.51           
9	58.15           

Part #: 2 Empty
Ball#	Wrp		
1	0.00            
2	0.00            
3	0.00            
4	0.00            
5	0.00            
6	0.00            
7	0.00            
8	0.00            
9	0.00            

Part #: 3 Pass
Ball#	Wrp		
1	4.13            
2	82.31           
3	17.88           
4	35.06           
5	99.23           
6	28.18           
7	26.27           
8	75.39           
9	0.00            

Part #: 4 Empty
Ball#	Wrp		
1	0.00            
2	0.00            
3	0.00            
4	0.00            
5	0.00            
6	0.00            
7	0.00            
8	0.00            
9	0.00            

Part #: 5 Pass
Ball#	Wrp		
1	37.89           
2	79.44           
3	0.00            
4	39.84           
5	90.46           
6	37.00           
7	7.24            
8	63.52           
9	37.75           

Part #: 6 Empty
Ball#	Wrp		
1	0.00            
2	0.00            
3	0.00            
4	0.00            
5	0.00            
6	0.00            
7	0.00            
8	0.00            
9	0.00            

Part #: 7 Pass
Ball#	Wrp		
1	31.00           
2	94.74           
3	0.00            
4	45.79           
5	102.47          
6	36.71           
7	16.06           
8	71.83           
9	32.73           

Part #: 8 Empty
Ball#	Wrp		
1	0.00            
2	0.00            
3	0.00            
4	0.00            
5	0.00            
6	0.00            
7	0.00            
8	0.00            
9	0.00            

Part #: 9 Pass
Ball#	Wrp		
1	0.00            
2	79.68           
3	8.67            
4	24.46           
5	91.49           
6	20.65           
7	18.14           
8	68.53           
9	0.18            

Part #: 10 Empty
Ball#	Wrp		
1	0.00            
2	0.00            
3	0.00            
4	0.00            
5	0.00            
6	0.00            
7	0.00            
8	0.00            
9	0.00            

Part #: 11 Pass
Ball#	Wrp		
1	50.18           
2	90.53           
3	0.00            
4	48.93           
5	102.64          
6	44.18           
7	8.73            
8	71.86           
9	49.22           

Part #: 12 Empty
Ball#	Wrp		
1	0.00            
2	0.00            
3	0.00            
4	0.00            
5	0.00            
6	0.00            
7	0.00            
8	0.00            
9	0.00            

Part #: 13 Pass
Ball#	Wrp		
1	53.32           
2	99.17           
3	0.00            
4	54.67           
5	114.97          
6	47.49           
7	11.37           
8	78.00           
9	51.83           

Part #: 14 Empty
Ball#	Wrp		
1	0.00            
2	0.00            
3	0.00            
4	0.00            
5	0.00            
6	0.00            
7	0.00            
8	0.00            
9	0.00            

Part #: 15 Empty
Ball#	Wrp		
1	0.00            
2	0.00            
3	0.00            
4	0.00            
5	0.00            
6	0.00            
7	0.00            
8	0.00            
9	0.00            

Part #: 16 Empty
Ball#	Wrp		
1	0.00            
2	0.00            
3	0.00            
4	0.00            
5	0.00            
6	0.00            
7	0.00            
8	0.00            
9	0.00            

