
All Measurements - Tray #: 1
Part #: 1 Pass
Ball#	Wrp		
1	65.66           
2	94.26           
3	0.00            
4	68.00           
5	108.70          
6	52.65           
7	12.34           
8	75.83           
9	57.88           

Part #: 2 Empty
Ball#	Wrp		
1	0.00            
2	0.00            
3	0.00            
4	0.00            
5	0.00            
6	0.00            
7	0.00            
8	0.00            
9	0.00            

Part #: 3 Pass
Ball#	Wrp		
1	4.42            
2	80.32           
3	17.79           
4	34.72           
5	97.58           
6	28.16           
7	25.48           
8	74.12           
9	0.00            

Part #: 4 Empty
Ball#	Wrp		
1	0.00            
2	0.00            
3	0.00            
4	0.00            
5	0.00            
6	0.00            
7	0.00            
8	0.00            
9	0.00            

Part #: 5 Pass
Ball#	Wrp		
1	37.72           
2	78.84           
3	0.00            
4	39.77           
5	89.89           
6	36.91           
7	7.21            
8	63.00           
9	37.56           

Part #: 6 Empty
Ball#	Wrp		
1	0.00            
2	0.00            
3	0.00            
4	0.00            
5	0.00            
6	0.00            
7	0.00            
8	0.00            
9	0.00            

Part #: 7 Pass
Ball#	Wrp		
1	29.68           
2	93.77           
3	0.00            
4	45.04           
5	102.65          
6	37.76           
7	15.47           
8	70.36           
9	32.54           

Part #: 8 Empty
Ball#	Wrp		
1	0.00            
2	0.00            
3	0.00            
4	0.00            
5	0.00            
6	0.00            
7	0.00            
8	0.00            
9	0.00            

Part #: 9 Pass
Ball#	Wrp		
1	0.00            
2	80.15           
3	9.49            
4	25.40           
5	92.01           
6	22.77           
7	18.55           
8	68.66           
9	0.96            

Part #: 10 Empty
Ball#	Wrp		
1	0.00            
2	0.00            
3	0.00            
4	0.00            
5	0.00            
6	0.00            
7	0.00            
8	0.00            
9	0.00            

Part #: 11 Pass
Ball#	Wrp		
1	49.26           
2	90.85           
3	0.00            
4	49.22           
5	103.25          
6	45.50           
7	8.39            
8	71.87           
9	48.94           

Part #: 12 Empty
Ball#	Wrp		
1	0.00            
2	0.00            
3	0.00            
4	0.00            
5	0.00            
6	0.00            
7	0.00            
8	0.00            
9	0.00            

Part #: 13 Pass
Ball#	Wrp		
1	53.08           
2	103.59          
3	0.00            
4	55.96           
5	115.73          
6	48.91           
7	12.70           
8	80.45           
9	53.15           

Part #: 14 Empty
Ball#	Wrp		
1	0.00            
2	0.00            
3	0.00            
4	0.00            
5	0.00            
6	0.00            
7	0.00            
8	0.00            
9	0.00            

Part #: 15 Empty
Ball#	Wrp		
1	0.00            
2	0.00            
3	0.00            
4	0.00            
5	0.00            
6	0.00            
7	0.00            
8	0.00            
9	0.00            

Part #: 16 Empty
Ball#	Wrp		
1	0.00            
2	0.00            
3	0.00            
4	0.00            
5	0.00            
6	0.00            
7	0.00            
8	0.00            
9	0.00            

