
All Measurements - Tray #: 1
Part #: 1 Pass
Ball#	Wrp		
1	65.53           
2	95.85           
3	0.00            
4	65.56           
5	111.48          
6	52.45           
7	12.14           
8	76.06           
9	59.53           

Part #: 2 Empty
Ball#	Wrp		
1	0.00            
2	0.00            
3	0.00            
4	0.00            
5	0.00            
6	0.00            
7	0.00            
8	0.00            
9	0.00            

Part #: 3 Pass
Ball#	Wrp		
1	4.86            
2	83.38           
3	17.67           
4	35.69           
5	99.24           
6	27.83           
7	26.25           
8	76.85           
9	0.00            

Part #: 4 Empty
Ball#	Wrp		
1	0.00            
2	0.00            
3	0.00            
4	0.00            
5	0.00            
6	0.00            
7	0.00            
8	0.00            
9	0.00            

Part #: 5 Pass
Ball#	Wrp		
1	38.61           
2	78.55           
3	0.00            
4	39.68           
5	90.12           
6	37.25           
7	6.60            
8	63.13           
9	38.25           

Part #: 6 Empty
Ball#	Wrp		
1	0.00            
2	0.00            
3	0.00            
4	0.00            
5	0.00            
6	0.00            
7	0.00            
8	0.00            
9	0.00            

Part #: 7 Pass
Ball#	Wrp		
1	31.00           
2	98.95           
3	0.00            
4	46.51           
5	105.76          
6	37.50           
7	17.58           
8	73.78           
9	34.15           

Part #: 8 Empty
Ball#	Wrp		
1	0.00            
2	0.00            
3	0.00            
4	0.00            
5	0.00            
6	0.00            
7	0.00            
8	0.00            
9	0.00            

Part #: 9 Pass
Ball#	Wrp		
1	0.58            
2	79.44           
3	6.92            
4	24.35           
5	92.40           
6	19.29           
7	17.02           
8	68.02           
9	0.00            

Part #: 10 Empty
Ball#	Wrp		
1	0.00            
2	0.00            
3	0.00            
4	0.00            
5	0.00            
6	0.00            
7	0.00            
8	0.00            
9	0.00            

Part #: 11 Pass
Ball#	Wrp		
1	50.28           
2	92.41           
3	0.00            
4	49.34           
5	103.88          
6	44.87           
7	8.72            
8	73.51           
9	49.53           

Part #: 12 Empty
Ball#	Wrp		
1	0.00            
2	0.00            
3	0.00            
4	0.00            
5	0.00            
6	0.00            
7	0.00            
8	0.00            
9	0.00            

Part #: 13 Pass
Ball#	Wrp		
1	52.61           
2	101.63          
3	0.00            
4	54.93           
5	116.45          
6	47.79           
7	12.24           
8	79.26           
9	51.96           

Part #: 14 Empty
Ball#	Wrp		
1	0.00            
2	0.00            
3	0.00            
4	0.00            
5	0.00            
6	0.00            
7	0.00            
8	0.00            
9	0.00            

Part #: 15 Empty
Ball#	Wrp		
1	0.00            
2	0.00            
3	0.00            
4	0.00            
5	0.00            
6	0.00            
7	0.00            
8	0.00            
9	0.00            

Part #: 16 Empty
Ball#	Wrp		
1	0.00            
2	0.00            
3	0.00            
4	0.00            
5	0.00            
6	0.00            
7	0.00            
8	0.00            
9	0.00            

