
All Measurements - Tray #: 1
Part #: 1 Pass
Ball#	Wrp		
1	64.17           
2	94.00           
3	0.00            
4	66.78           
5	109.50          
6	52.50           
7	11.89           
8	75.56           
9	56.88           

Part #: 2 Empty
Ball#	Wrp		
1	0.00            
2	0.00            
3	0.00            
4	0.00            
5	0.00            
6	0.00            
7	0.00            
8	0.00            
9	0.00            

Part #: 3 Pass
Ball#	Wrp		
1	4.26            
2	80.15           
3	19.67           
4	35.50           
5	98.04           
6	30.16           
7	26.27           
8	74.77           
9	0.00            

Part #: 4 Empty
Ball#	Wrp		
1	0.00            
2	0.00            
3	0.00            
4	0.00            
5	0.00            
6	0.00            
7	0.00            
8	0.00            
9	0.00            

Part #: 5 Pass
Ball#	Wrp		
1	36.97           
2	78.32           
3	0.00            
4	37.40           
5	87.23           
6	34.96           
7	5.61            
8	64.80           
9	35.80           

Part #: 6 Empty
Ball#	Wrp		
1	0.00            
2	0.00            
3	0.00            
4	0.00            
5	0.00            
6	0.00            
7	0.00            
8	0.00            
9	0.00            

Part #: 7 Pass
Ball#	Wrp		
1	28.13           
2	91.14           
3	0.00            
4	43.81           
5	100.90          
6	37.29           
7	14.59           
8	68.59           
9	30.92           

Part #: 8 Empty
Ball#	Wrp		
1	0.00            
2	0.00            
3	0.00            
4	0.00            
5	0.00            
6	0.00            
7	0.00            
8	0.00            
9	0.00            

Part #: 9 Pass
Ball#	Wrp		
1	0.00            
2	79.95           
3	8.62            
4	25.24           
5	91.28           
6	21.43           
7	18.57           
8	68.06           
9	0.69            

Part #: 10 Empty
Ball#	Wrp		
1	0.00            
2	0.00            
3	0.00            
4	0.00            
5	0.00            
6	0.00            
7	0.00            
8	0.00            
9	0.00            

Part #: 11 Pass
Ball#	Wrp		
1	49.31           
2	91.91           
3	0.00            
4	49.54           
5	102.38          
6	45.85           
7	8.21            
8	73.18           
9	48.96           

Part #: 12 Empty
Ball#	Wrp		
1	0.00            
2	0.00            
3	0.00            
4	0.00            
5	0.00            
6	0.00            
7	0.00            
8	0.00            
9	0.00            

Part #: 13 Pass
Ball#	Wrp		
1	53.21           
2	102.75          
3	0.00            
4	55.44           
5	115.35          
6	48.60           
7	12.14           
8	80.25           
9	52.93           

Part #: 14 Empty
Ball#	Wrp		
1	0.00            
2	0.00            
3	0.00            
4	0.00            
5	0.00            
6	0.00            
7	0.00            
8	0.00            
9	0.00            

Part #: 15 Empty
Ball#	Wrp		
1	0.00            
2	0.00            
3	0.00            
4	0.00            
5	0.00            
6	0.00            
7	0.00            
8	0.00            
9	0.00            

Part #: 16 Empty
Ball#	Wrp		
1	0.00            
2	0.00            
3	0.00            
4	0.00            
5	0.00            
6	0.00            
7	0.00            
8	0.00            
9	0.00            

