
All Measurements - Tray #: 1
Part #: 1 Pass
Ball#	Wrp		
1	63.52           
2	94.55           
3	0.00            
4	64.75           
5	109.19          
6	51.78           
7	12.48           
8	74.47           
9	58.12           

Part #: 2 Empty
Ball#	Wrp		
1	0.00            
2	0.00            
3	0.00            
4	0.00            
5	0.00            
6	0.00            
7	0.00            
8	0.00            
9	0.00            

Part #: 3 Pass
Ball#	Wrp		
1	5.12            
2	81.98           
3	18.99           
4	34.94           
5	99.56           
6	28.36           
7	26.09           
8	76.77           
9	0.00            

Part #: 4 Empty
Ball#	Wrp		
1	0.00            
2	0.00            
3	0.00            
4	0.00            
5	0.00            
6	0.00            
7	0.00            
8	0.00            
9	0.00            

Part #: 5 Pass
Ball#	Wrp		
1	39.41           
2	79.85           
3	0.00            
4	40.57           
5	90.98           
6	37.44           
7	6.64            
8	64.79           
9	38.38           

Part #: 6 Empty
Ball#	Wrp		
1	0.00            
2	0.00            
3	0.00            
4	0.00            
5	0.00            
6	0.00            
7	0.00            
8	0.00            
9	0.00            

Part #: 7 Pass
Ball#	Wrp		
1	28.93           
2	93.30           
3	0.00            
4	43.65           
5	102.91          
6	36.59           
7	14.77           
8	70.90           
9	31.22           

Part #: 8 Empty
Ball#	Wrp		
1	0.00            
2	0.00            
3	0.00            
4	0.00            
5	0.00            
6	0.00            
7	0.00            
8	0.00            
9	0.00            

Part #: 9 Pass
Ball#	Wrp		
1	0.62            
2	80.92           
3	7.57            
4	24.15           
5	92.97           
6	19.69           
7	17.03           
8	70.08           
9	0.00            

Part #: 10 Empty
Ball#	Wrp		
1	0.00            
2	0.00            
3	0.00            
4	0.00            
5	0.00            
6	0.00            
7	0.00            
8	0.00            
9	0.00            

Part #: 11 Pass
Ball#	Wrp		
1	50.80           
2	93.78           
3	0.00            
4	49.99           
5	104.62          
6	46.03           
7	8.28            
8	74.98           
9	50.13           

Part #: 12 Empty
Ball#	Wrp		
1	0.00            
2	0.00            
3	0.00            
4	0.00            
5	0.00            
6	0.00            
7	0.00            
8	0.00            
9	0.00            

Part #: 13 Pass
Ball#	Wrp		
1	53.11           
2	100.99          
3	0.00            
4	55.41           
5	116.08          
6	48.54           
7	11.60           
8	79.21           
9	52.13           

Part #: 14 Empty
Ball#	Wrp		
1	0.00            
2	0.00            
3	0.00            
4	0.00            
5	0.00            
6	0.00            
7	0.00            
8	0.00            
9	0.00            

Part #: 15 Empty
Ball#	Wrp		
1	0.00            
2	0.00            
3	0.00            
4	0.00            
5	0.00            
6	0.00            
7	0.00            
8	0.00            
9	0.00            

Part #: 16 Empty
Ball#	Wrp		
1	0.00            
2	0.00            
3	0.00            
4	0.00            
5	0.00            
6	0.00            
7	0.00            
8	0.00            
9	0.00            

