
All Measurements - Tray #: 1
Part #: 1 Pass
Ball#	Wrp		
1	66.20           
2	96.09           
3	0.00            
4	68.49           
5	109.71          
6	53.33           
7	13.20           
8	76.21           
9	59.44           

Part #: 2 Empty
Ball#	Wrp		
1	0.00            
2	0.00            
3	0.00            
4	0.00            
5	0.00            
6	0.00            
7	0.00            
8	0.00            
9	0.00            

Part #: 3 Pass
Ball#	Wrp		
1	4.59            
2	81.94           
3	19.07           
4	35.71           
5	99.42           
6	29.48           
7	26.31           
8	76.23           
9	0.00            

Part #: 4 Empty
Ball#	Wrp		
1	0.00            
2	0.00            
3	0.00            
4	0.00            
5	0.00            
6	0.00            
7	0.00            
8	0.00            
9	0.00            

Part #: 5 Pass
Ball#	Wrp		
1	37.11           
2	76.94           
3	0.00            
4	37.97           
5	89.14           
6	35.99           
7	5.66            
8	62.78           
9	36.25           

Part #: 6 Empty
Ball#	Wrp		
1	0.00            
2	0.00            
3	0.00            
4	0.00            
5	0.00            
6	0.00            
7	0.00            
8	0.00            
9	0.00            

Part #: 7 Pass
Ball#	Wrp		
1	29.41           
2	94.00           
3	0.00            
4	44.70           
5	102.60          
6	37.89           
7	15.00           
8	70.93           
9	32.28           

Part #: 8 Empty
Ball#	Wrp		
1	0.00            
2	0.00            
3	0.00            
4	0.00            
5	0.00            
6	0.00            
7	0.00            
8	0.00            
9	0.00            

Part #: 9 Pass
Ball#	Wrp		
1	0.10            
2	78.43           
3	8.86            
4	24.56           
5	91.33           
6	20.77           
7	18.04           
8	67.65           
9	0.00            

Part #: 10 Empty
Ball#	Wrp		
1	0.00            
2	0.00            
3	0.00            
4	0.00            
5	0.00            
6	0.00            
7	0.00            
8	0.00            
9	0.00            

Part #: 11 Pass
Ball#	Wrp		
1	49.55           
2	94.04           
3	0.00            
4	49.96           
5	103.85          
6	45.56           
7	9.67            
8	73.78           
9	49.89           

Part #: 12 Empty
Ball#	Wrp		
1	0.00            
2	0.00            
3	0.00            
4	0.00            
5	0.00            
6	0.00            
7	0.00            
8	0.00            
9	0.00            

Part #: 13 Pass
Ball#	Wrp		
1	53.11           
2	102.85          
3	0.00            
4	55.49           
5	115.47          
6	48.25           
7	13.02           
8	79.43           
9	53.31           

Part #: 14 Empty
Ball#	Wrp		
1	0.00            
2	0.00            
3	0.00            
4	0.00            
5	0.00            
6	0.00            
7	0.00            
8	0.00            
9	0.00            

Part #: 15 Empty
Ball#	Wrp		
1	0.00            
2	0.00            
3	0.00            
4	0.00            
5	0.00            
6	0.00            
7	0.00            
8	0.00            
9	0.00            

Part #: 16 Empty
Ball#	Wrp		
1	0.00            
2	0.00            
3	0.00            
4	0.00            
5	0.00            
6	0.00            
7	0.00            
8	0.00            
9	0.00            

